83
2 1
2 1
1 2
1 2
2 1
2 1
1 2
1 2
2 1
2 1
1 2
1 2
2 1
2 1
1 2
1 2
2 1
2 1
1 2
1 2
2 1
2 1
1 2
1 2
2 1
2 1
1 2
1 2
2 1
2 1
1 2
1 2
2 1
2 1
1 2
1 2
2 1
2 1
1 2
1 2
1 2
2 1
1 2
1 2
1 2
2 1
1 2
1 2
1 2
2 1
1 2
1 2
1 2
2 1
1 2
1 2
1 2
2 1
1 2
1 2
1 2
2 1
1 2
1 2
1 2
2 1
1 2
1 2
1 2
2 1
1 2
1 2
1 2
2 1
1 2
1 2
1 2
2 1
1 2
1 2
1 2
2 1
1 2

7
1 2
2 1
1 2
2 1
1 2
2 1
1 2
2 1
1 2

15
2 9
9 7
9 5
5 10
10 1
1 7
7 10
7 3
3 4
4 5
5 3
3 6
6 5
4 10
5 2


9
1 2
2 3
3 4
4 2
4 5
2 5
5 6
5 7
4 6


12
1 4
1 5
2 4
2 5
2 6
2 7
3 4
3 7
4 6
5 6
5 7
6 7